local Part = Instance.new("Part",game.Workspace)
      local BillboardGui = Instance.new("BillboardGui")


        local Frame = Instance.new("Frame")
        local TextLabel = Instance.new("TextLabel")
Part.CFrame = CFrame.new(2829.7124, 403.937378, -5771.65576, 0.992842376, -7.86576422e-08, 0.119431823, 8.35114022e-08, 1, -3.56355585e-08, -0.119431823, 4.53544153e-08, 0.992842376)
Part.Name = "Weaponary"
Part.Anchored = true
Part.Transparency = 1 
Part.CanCollide = false 


        --Properties:


        BillboardGui.ZIndexBehavior = Enum.ZIndexBehavior.Sibling
        BillboardGui.Active = true
        BillboardGui.LightInfluence = 1.000
        BillboardGui.Size = UDim2.new(0, 200, 0, 50)
        BillboardGui.StudsOffset = Vector3.new(0, 3, 0)
        BillboardGui.AlwaysOnTop = true
        BillboardGui.Parent = Part 
        Frame.Parent = BillboardGui
        Frame.BackgroundColor3 = Color3.fromRGB(255, 255, 255)
        Frame.BackgroundTransparency = 10.000
        Frame.Size = UDim2.new(0, 200, 0, 200)

        TextLabel.Parent = Frame
        TextLabel.BackgroundColor3 = Color3.fromRGB(255, 255, 255)
        TextLabel.BackgroundTransparency = 1.000
        TextLabel.Size = UDim2.new(0, 100, 0, 50)
        TextLabel.Font = Enum.Font.SourceSans
        TextLabel.Text = "Weaponary"
        TextLabel.TextColor3 = Color3.fromRGB(0,0,0)
        TextLabel.TextSize = 40.000
        TextLabel.TextStrokeColor3 = Color3.fromRGB(255, 42, 0)
        
        local Part = Instance.new("Part",game.Workspace)
      local BillboardGui = Instance.new("BillboardGui")


        local Frame = Instance.new("Frame")
        local TextLabel = Instance.new("TextLabel")
Part.CFrame = CFrame.new(2533.7478, 413.425262, -5565.68848, -0.941595435, 8.98090633e-08, 0.336746156, 6.12679827e-08, 1, -9.53816581e-08, -0.336746156, -6.91791797e-08, -0.941595435)
Part.Name = "Book Shop"
Part.Anchored = true
Part.Transparency = 1 
Part.CanCollide = false 


        --Properties:


        BillboardGui.ZIndexBehavior = Enum.ZIndexBehavior.Sibling
        BillboardGui.Active = true
        BillboardGui.LightInfluence = 1.000
        BillboardGui.Size = UDim2.new(0, 200, 0, 50)
        BillboardGui.StudsOffset = Vector3.new(0, 3, 0)
        BillboardGui.AlwaysOnTop = true
        BillboardGui.Parent = Part 
        Frame.Parent = BillboardGui
        Frame.BackgroundColor3 = Color3.fromRGB(255, 255, 255)
        Frame.BackgroundTransparency = 10.000
        Frame.Size = UDim2.new(0, 200, 0, 200)

        TextLabel.Parent = Frame
        TextLabel.BackgroundColor3 = Color3.fromRGB(255, 255, 255)
        TextLabel.BackgroundTransparency = 1.000
        TextLabel.Size = UDim2.new(0, 100, 0, 50)
        TextLabel.Font = Enum.Font.SourceSans
        TextLabel.Text = "Book Shop"
        TextLabel.TextColor3 = Color3.fromRGB(0,0,0)
        TextLabel.TextSize = 40.000
        TextLabel.TextStrokeColor3 = Color3.fromRGB(255, 42, 0)
        
        local Part = Instance.new("Part",game.Workspace)
      local BillboardGui = Instance.new("BillboardGui")


        local Frame = Instance.new("Frame")
        local TextLabel = Instance.new("TextLabel")
Part.CFrame = CFrame.new(2674.77319, 407.672272, -5782.31934, 0.638172209, 1.47472461e-08, 0.769893646, -3.78707945e-08, 1, 1.22365513e-08, -0.769893646, -3.69655098e-08, 0.638172209)
Part.Name = "Magic Shop"
Part.Anchored = true
Part.Transparency = 1 
Part.CanCollide = true


        --Properties:


        BillboardGui.ZIndexBehavior = Enum.ZIndexBehavior.Sibling
        BillboardGui.Active = true
        BillboardGui.LightInfluence = 1.000
        BillboardGui.Size = UDim2.new(0, 200, 0, 50)
        BillboardGui.StudsOffset = Vector3.new(0, 3, 0)
        BillboardGui.AlwaysOnTop = true
        BillboardGui.Parent = Part 
        Frame.Parent = BillboardGui
        Frame.BackgroundColor3 = Color3.fromRGB(255, 255, 255)
        Frame.BackgroundTransparency = 10.000
        Frame.Size = UDim2.new(0, 200, 0, 200)

        TextLabel.Parent = Frame
        TextLabel.BackgroundColor3 = Color3.fromRGB(255, 255, 255)
        TextLabel.BackgroundTransparency = 1.000
        TextLabel.Size = UDim2.new(0, 100, 0, 50)
        TextLabel.Font = Enum.Font.SourceSans
        TextLabel.Text = "Magic Shop"
        TextLabel.TextColor3 = Color3.fromRGB(0,0,0)
        TextLabel.TextSize = 40.000
        TextLabel.TextStrokeColor3 = Color3.fromRGB(255, 42, 0)

        
    
  
